0.000000000000000000e+00
0.000000000000000000e+00
0.000000000000000000e+00
0.000000000000000000e+00
0.000000000000000000e+00
0.000000000000000000e+00
0.000000000000000000e+00
0.000000000000000000e+00
0.000000000000000000e+00
0.000000000000000000e+00
0.000000000000000000e+00
0.000000000000000000e+00
0.000000000000000000e+00
0.000000000000000000e+00
0.000000000000000000e+00
0.000000000000000000e+00
0.000000000000000000e+00
0.000000000000000000e+00
0.000000000000000000e+00
0.000000000000000000e+00
0.000000000000000000e+00
0.000000000000000000e+00
0.000000000000000000e+00
9.478595245582255302e-06
1.020099456994216780e-04
3.447395438378464405e-04
7.772788859590207267e-04
1.411244096548358584e-03
2.219179358483813758e-03
3.117425286024655406e-03
4.077023382915712091e-03
5.071643730229169478e-03
6.079882606435660364e-03
7.058835195262957996e-03
7.993279389243213018e-03
8.850087095591874231e-03
9.599665940054791236e-03
1.022449396912605835e-02
1.070372789946105740e-02
1.102515107174895093e-02
1.115991714907593746e-02
1.111652855572131671e-02
1.088795107197171319e-02
1.046410737154701565e-02
9.862900553713416230e-03
9.094588540072834348e-03
8.170457325718416541e-03
7.112394238820485270e-03
5.945873900529363709e-03
4.694636255205608677e-03
3.389822090131389132e-03
2.059477734619008515e-03
7.350698965105095795e-04
-5.549652851541964083e-04
-1.779425473834805871e-03
-2.913270869999706747e-03
-3.931959242240878893e-03
-4.817353063064189200e-03
-5.553848302270125714e-03
-6.124042675416774273e-03
-6.526629641427916795e-03
-6.763191629790554771e-03
-6.825890962979030974e-03
-6.732272344756040638e-03
-6.491600741558301024e-03
-6.119798528139597238e-03
-5.632105122714392564e-03
-5.052713109840567540e-03
-4.409643364432724866e-03
-3.718833817920597085e-03
-3.016347421542775464e-03
-2.322845908295789741e-03
-1.662541449963583773e-03
-1.061410010198216014e-03
-5.862161275551613926e-04
-2.604840432454125221e-04
-7.716996788431629284e-05
-7.169555459540788434e-06
0.000000000000000000e+00
0.000000000000000000e+00
0.000000000000000000e+00
0.000000000000000000e+00
0.000000000000000000e+00
0.000000000000000000e+00
0.000000000000000000e+00
0.000000000000000000e+00
0.000000000000000000e+00
0.000000000000000000e+00
0.000000000000000000e+00
0.000000000000000000e+00
0.000000000000000000e+00
0.000000000000000000e+00
0.000000000000000000e+00
0.000000000000000000e+00
0.000000000000000000e+00
0.000000000000000000e+00
0.000000000000000000e+00
0.000000000000000000e+00
0.000000000000000000e+00
0.000000000000000000e+00
